100
19.5 10.5
6.5 12.1
11.3 2.2
10.7 17.9
13.5 17.0
0.4 12.8
1.5 8.3
19.8 17.7
2.4 12.0
11.6 4.4
3.7 16.5
11.6 3.5
4.2 10.7
9.9 17.1
2.1 15.7
15.9 1.9
5.9 0.1
17.6 5.2
5.7 19.1
16.9 13.6
13.1 3.9
17.8 9.5
15.2 4.3
3.1 9.9
1.5 16.3
15.6 14.9
6.4 19.8
16.0 1.5
18.5 5.4
5.8 9.0
8.5 2.7
14.3 18.9
14.1 6.7
18.6 5.5
3.7 2.1
11.1 10.0
1.6 8.8
7.5 5.2
13.0 10.3
4.6 14.2
6.2 13.1
19.7 0.8
14.0 16.2
13.8 1.3
15.3 19.4
14.3 14.4
18.5 18.9
13.7 18.8
12.1 16.8
6.5 8.6
10.9 16.6
10.3 9.3
1.9 2.9
7.2 8.3
17.4 15.0
18.8 13.5
8.5 2.2
2.7 7.2
2.5 5.5
12.8 1.6
11.5 11.0
12.7 9.0
12.0 1.9
16.1 16.9
3.0 6.8
1.8 17.8
12.0 5.2
1.4 19.2
8.2 13.8
10.7 1.7
17.4 5.5
5.8 9.0
0.9 0.7
11.9 5.4
4.4 9.7
13.5 7.3
11.4 11.1
11.5 14.3
14.8 19.3
0.8 11.7
2.8 15.8
8.9 13.5
2.7 4.2
3.2 15.9
18.8 12.0
7.7 5.0
11.8 11.9
8.2 17.0
1.1 11.6
0.4 19.7
7.8 9.0
11.6 3.4
8.7 10.2
5.6 17.9
17.2 18.5
10.9 5.8
6.4 17.3
15.4 2.6
15.4 15.5
9.4 10.2